13
GCF_002288545.1_ASM228854v1_genomic_operon_1 0.0000000 1.6185770 2.3324093 2.5756237 2.6676049 2.5473277 2.3143475 2.6420129 2.5659519 2.6844500 2.3302758 2.2821304 2.4164464 
GCF_000834395.1_ASM83439v1_genomic_operon_3  1.6185770 0.0000000 2.0270051 2.3444079 2.6889476 2.6101088 2.5120632 2.4482004 2.5350727 2.4372020 2.2558963 2.3926560 2.3781146 
GCF_000148935.1_ASM14893v1_genomic_operon_1  2.3324093 2.0270051 0.0000000 0.9488062 2.2092640 2.0127109 2.1693879 1.8160317 1.8406669 1.8550558 1.7208096 1.6461001 1.9252770 
GCF_000834395.1_ASM83439v1_genomic_operon_2  2.5756237 2.3444079 0.9488062 0.0000000 2.3011355 2.3107670 2.3557078 1.9420788 1.7663119 1.7369473 1.9289046 1.7373843 1.7285491 
GCF_000255535.1_ASM25553v1_genomic_operon_2  2.6676049 2.6889476 2.2092640 2.3011355 0.0000000 0.5884080 0.7525829 2.0730981 1.9138407 1.8413192 1.6523384 1.5282502 1.9397965 
GCF_000255535.1_ASM25553v1_genomic_operon_1  2.5473277 2.6101088 2.0127109 2.3107670 0.5884080 0.0000000 0.5706790 1.9510018 1.9525133 1.8938603 1.7447948 1.5205250 1.8418001 
GCF_001855315.1_ASM185531v1_genomic_operon_1 2.3143475 2.5120632 2.1693879 2.3557078 0.7525829 0.5706790 0.0000000 1.8411979 1.9023795 1.8956524 1.7947728 1.6835440 1.8312659 
GCF_000239975.1_ASM23997v1_genomic_operon_1  2.6420129 2.4482004 1.8160317 1.9420788 2.0730981 1.9510018 1.8411979 0.0000000 1.5477413 1.4360295 1.3398560 1.3643339 1.2689156 
GCF_002906435.1_ASM290643v1_genomic_operon_1 2.5659519 2.5350727 1.8406669 1.7663119 1.9138407 1.9525133 1.9023795 1.5477413 0.0000000 0.5092980 1.1880896 1.1217434 0.9746388 
GCF_000261045.2_ASM26104v2_genomic_operon_1  2.6844500 2.4372020 1.8550558 1.7369473 1.8413192 1.8938603 1.8956524 1.4360295 0.5092980 0.0000000 1.1401768 1.0371144 1.0061282 
GCF_000834395.1_ASM83439v1_genomic_operon_1  2.3302758 2.2558963 1.7208096 1.9289046 1.6523384 1.7447948 1.7947728 1.3398560 1.1880896 1.1401768 0.0000000 0.8255370 0.8473189 
GCF_000513215.1_DB11_genomic_operon_2        2.2821304 2.3926560 1.6461001 1.7373843 1.5282502 1.5205250 1.6835440 1.3643339 1.1217434 1.0371144 0.8255370 0.0000000 0.7890652 
GCF_000513215.1_DB11_genomic_operon_1        2.4164464 2.3781146 1.9252770 1.7285491 1.9397965 1.8418001 1.8312659 1.2689156 0.9746388 1.0061282 0.8473189 0.7890652 0.0000000 
